node   density          | 读90%: us/op 内存前->后 smo | 读30%: us/op 内存前->后 smo
4MB    0.85/0.95/0.75   | 0.162 18.1 19.4 148          | 0.393 18.1 33.3 156         
4MB    0.70/0.80/0.60   | 0.203 22.0 23.6 42           | 0.346 22.0 41.2 51          
4MB    0.50/0.60/0.40   | 0.131 30.8 32.9 66           | 0.318 30.8 46.7 82          
4MB    0.30/0.40/0.20   | 0.224 51.3 55.7 99           | 0.332 51.3 81.5 152         
16MB   0.85/0.95/0.75   | 0.170 18.1 19.4 148          | 0.307 18.1 33.3 156         
16MB   0.70/0.80/0.60   | 0.110 22.0 23.6 42           | 0.321 22.0 41.2 51          
16MB   0.50/0.60/0.40   | 0.140 30.8 32.9 66           | 0.267 30.8 46.7 37          
16MB   0.30/0.40/0.20   | 0.156 51.3 55.7 99           | 0.365 51.3 81.5 152         
64MB   0.85/0.95/0.75   | 0.206 18.1 22.0 215          | 0.356 18.1 30.4 350         
64MB   0.70/0.80/0.60   | 0.231 22.0 27.4 49           | 0.450 22.0 36.8 138         
64MB   0.50/0.60/0.40   | 0.257 30.8 40.6 15           | 0.362 30.8 54.3 75          
64MB   0.30/0.40/0.20   | 0.541 51.3 81.6 82           | 0.506 51.3 105.3 34         
